 4.0426 -0.487721 1.01567 -0.260295 1.17706 -1.08505 1.11504 -1.08952 1.66088 1.5268 0.769477 0.442999 2.511, -1.90823;
 0.840302 -0.487721 1.01567 -0.260295 1.05874 0.681798 0.789701 -0.933187 1.66088 1.5268 0.769477 -3.61219 1.83937, -1.63613;
 8.13685 -0.487721 1.01567 -0.260295 1.05874 -0.415003 1.11504 -0.941195 1.66088 1.5268 0.769477 -3.6675 1.11598, -1.49464;
 2.14564 -0.487721 1.01567 -0.260295 1.57429 -0.599797 0.846282 -0.911056 1.66088 1.5268 0.769477 0.384115 1.32446, -1.30962;
 0.821403 -0.487721 1.01567 -0.260295 1.57429 0.252384 0.931154 -0.853384 1.66088 1.5268 0.769477 -3.38 1.58611, -1.16813;
 0.122822 -0.487721 1.01567 -0.260295 1.3461 -0.389743 0.687147 -0.572512 1.66088 1.5268 0.769477 -3.73201 0.890701, -1.07018;
 0.722683 -0.487721 1.01567 -0.260295 0.991126 0.697751 1.07261 -1.15189 1.66088 1.5268 0.769477 0.442999 1.20273, -1.00487;
 0.585511 -0.487721 1.01567 -0.260295 1.17706 -0.101251 0.853355 -0.946598 1.66088 1.5268 0.769477 0.442999 0.353401, -0.950456;
 0.396735 -0.487721 1.01567 -0.260295 1.38836 -0.349859 0.948836 -0.907076 1.66088 1.5268 0.769477 -0.388069 0.42756, -0.906921;
 -0.309276 -0.487721 -0.4361 -0.260295 -0.132954 -0.295352 0.718974 0.314983 -0.636879 -0.596516 1.11539 -0.535008 0.648636, -0.841619;
 0.212698 -0.487721 1.01567 -0.260295 1.3461 0.512957 1.05139 -0.679326 1.66088 1.5268 0.769477 -0.00656902 0.711601, -0.798084;
 -0.400519 0.585268 -0.874837 -0.260295 -0.851351 -0.403038 0.881646 1.43577 -0.177327 -0.732551 0.553283 0.239661 0.251258, -0.711014;
 -0.34231 -0.487721 -0.4361 -0.260295 -0.132954 -0.606444 0.772019 0.423313 -0.636879 -0.596516 1.11539 0.226696 0.303029, -0.645711;
 -0.413331 -0.487721 -0.9827 -0.260295 -0.94432 -0.49344 -0.571791 2.00211 -0.751767 -0.330362 0.164134 0.0941272 0.00359599, -0.580409;
 -0.39652 0.45651 -0.768432 -0.260295 -1.03729 -0.898924 0.284004 1.9743 -0.292215 -0.460482 0.293851 0.179265 -0.0201907, -0.536874;
 -0.336039 -0.487721 -0.4361 -0.260295 -0.132954 -0.720777 0.0364597 0.00368684 -0.636879 -0.596516 1.11539 0.378713 -0.190896, -0.471571;
 -0.416963 -0.487721 -0.866092 -0.260295 -0.327344 -0.497429 -0.313638 0.865449 -0.521991 -1.08742 0.769477 0.420418 -0.291639, -0.43892;
 -0.418919 2.73125 -1.03955 -0.260295 -1.21478 -0.506735 -0.737999 1.67328 -0.751767 0.361638 1.15863 0.442999 0.30163, -0.395385;
 -0.402932 -0.487721 -0.163528 -0.260295 -0.0568886 -0.329918 0.499721 -0.493467 -0.407103 0.142801 -0.268253 0.417176 -0.328019, -0.362734;
 -0.415406 2.94584 -1.13137 -0.260295 -1.3162 -0.64101 -1.3215 1.33768 -0.636879 -0.41908 -1.00331 0.442999 -0.336414, -0.340966;
 -0.408483 0.585268 -0.874837 -0.260295 -0.851351 -0.454886 -0.752145 1.48956 -0.177327 -0.732551 0.553283 0.442999 -0.479135, -0.319199;
 -0.409162 -0.487721 -0.753856 -0.260295 -0.462572 -0.569219 -0.249984 -0.194682 -0.521991 -0.762123 0.337089 0.234043 -0.172706, -0.275664;
 -0.327088 -0.487721 -0.4361 -0.260295 -0.132954 -1.08106 -1.127 0.00368684 -0.636879 -0.596516 1.11539 -0.722895 -0.133528, -0.253896;
 -0.415455 0.41359 -0.8005 -0.260295 -0.969675 -0.204949 -0.193403 1.43397 -0.636879 -0.975047 -0.700641 0.411342 -0.449751, -0.221245;
 -0.416152 -0.487721 -0.866092 -0.260295 -0.327344 0.0542949 -1.05981 1.26513 -0.521991 -1.08742 0.769477 0.361966 -0.824742, -0.199477;
 -0.385688 0.37067 -0.608096 -0.260295 -0.758382 -0.549278 -0.932498 0.30342 -0.751767 -1.09334 0.0776568 0.353863 0.0497702, -0.155942;
 -0.400833 -0.487721 2.11616 -0.260295 0.23047 -0.376448 0.704829 -0.851015 -0.866655 -1.30035 0.293851 0.314643 0.303029, -0.123291;
 -0.41096 -0.487721 0.406394 -0.260295 -0.986579 -0.345871 -0.925426 0.812232 -0.636879 -0.702978 -1.04655 0.442999 -0.314027, -0.0906399;
 -0.413765 0.0487738 -0.737823 -0.260295 -1.22323 -0.52003 -1.66452 1.28389 -0.636879 -0.371764 0.207373 0.435544 -0.635847, -0.0579886;
 -0.41516 1.76556 -0.847143 -0.260295 -1.25703 0.0609422 -0.808726 1.6721 -0.407103 -0.67932 -0.787118 0.442999 -0.705808, -0.0253374;
 -0.404626 -0.487721 -0.0789874 -0.260295 -0.547089 -0.502747 -1.63269 0.0742485 -0.636879 -0.773952 0.0776568 0.442999 -0.248264, 0.00731388;
 -0.410227 0.0487738 -0.475455 -0.260295 -0.251278 -0.341883 -0.0660943 0.839623 -0.521991 -0.572858 -1.39246 0.428953 -0.0299853, 0.0399651;
 -0.399672 -0.487721 -0.210171 -0.260295 0.264277 -0.796556 -1.40283 -0.469204 -0.407103 -0.0996954 0.337089 0.403995 0.693411, 0.0617326;
 -0.415195 -0.487721 0.402021 3.61372 -0.0315334 -0.506735 -0.440947 -0.320641 -0.521991 -0.779867 -0.873596 0.398701 0.12113, 0.0835001;
 -0.152798 -0.487721 1.2314 -0.260295 0.433312 0.06626 0.977127 -0.800262 -0.521991 -0.028721 -1.60865 -0.63538 -0.216082, 0.137919;
 -0.419766 0.284831 -1.28588 -0.260295 -0.132954 0.4066 -0.115603 0.142773 -0.981543 -0.661576 -1.34922 0.442999 -1.0724, 0.159686;
 -0.404175 0.45651 -0.768432 -0.260295 -1.03729 0.289608 -1.96157 1.70977 -0.292215 -0.460482 0.293851 0.4363 -0.943676, 0.203221;
 -0.416244 0.585268 -0.914193 -0.260295 -1.07955 0.0436593 -1.2826 0.763896 -0.636879 -0.750294 0.250612 0.442999 -0.82894, 0.246756;
 0.108053 -0.487721 1.01567 -0.260295 1.82785 0.171287 0.690683 -0.602082 1.66088 1.5268 0.769477 0.20163 -0.679223, 0.268524;
 -0.417128 1.22906 -1.44039 -0.260295 -1.05419 0.890522 -1.20126 2.37103 -0.981543 -0.430909 0.553283 0.366828 -0.945075, 0.442664;
 0.970278 -0.487721 1.01567 -0.260295 0.889705 -0.878982 1.11504 -1.18638 1.66088 1.5268 0.769477 -0.257229 -0.0719619, 0.584153;
 -0.412341 -0.487721 0.402021 -0.260295 -0.0315334 0.495674 0.588129 -0.17421 -0.521991 -0.779867 -0.873596 0.398485 -0.413372, 0.671223;
 -0.405863 1.44366 -1.12117 -0.260295 -0.986579 0.381341 -1.39222 0.368674 -0.521991 -0.0582937 -1.39246 0.29109 -1.13117, 0.790944;
 -0.417957 2.08745 -1.19551 -0.260295 -1.29084 0.705728 -2.0712 1.15196 -0.981543 -0.844927 -1.21951 0.404859 -1.06541, 0.932433;
 -0.413934 1.22906 -0.688264 3.61372 -0.902061 0.649891 -1.25784 0.136896 -0.636879 -0.909987 -0.354731 0.442999 -1.27529, 1.07392;
 -0.416735 -0.487721 -1.30483 -0.260295 -0.809092 0.96896 -0.801654 1.07737 -0.751767 -1.09925 0.120896 0.418473 -1.35784, 1.18276;
 -0.41619 0.37067 -1.13721 -0.260295 -0.936713 0.929076 -1.10578 0.689969 -0.521991 -1.13474 -1.52218 0.392542 -1.12697, 1.40043;
 -0.411325 2.94584 -0.901074 -0.260295 -1.20632 1.16838 -1.44173 0.629312 -0.636879 -0.963218 0.337089 0.442999 -1.27109, 1.60723;
 -0.357602 0.37067 -1.04392 -0.260295 0.17976 1.59646 -0.561182 -0.434421 -0.521991 -0.850841 -2.34371 0.37169 -1.32706, 2.28202;
 -0.24373 -0.487721 1.2314 3.61372 0.433312 2.79962 0.899327 -0.770881 -0.521991 -0.028721 -1.60865 0.351702 -1.30467, 2.98946;
 -0.418895 2.94584 -1.55554 -0.260295 -1.11335 2.13489 -1.28967 0.881277 -0.636879 -0.904072 -1.73837 0.414151 -1.35365, 2.98946;
