 7.48362 -0.487721 1.01567 -0.260295 1.17706 -0.779273 1.11504 -1.11995 1.66088 1.5268 0.769477 0.314103 1.44619, -1.90823;
 -0.396359 -0.487721 2.4208 -0.260295 0.467119 -1.56365 1.04432 -0.931718 -0.636879 1.79296 0.726238 -0.404816 2.38367, -1.57083;
 0.666289 -0.487721 1.01567 -0.260295 1.05874 0.147357 0.959445 -0.86272 1.66088 1.5268 0.769477 -3.1892 1.60011, -1.41846;
 1.06933 -0.487721 1.01567 -0.260295 1.57429 -0.551936 0.994809 -0.897124 1.66088 1.5268 0.769477 -1.24658 1.55953, -1.27697;
 1.9903 -0.487721 1.01567 -0.260295 0.889705 -2.83328 1.11504 -1.23714 1.66088 1.5268 0.769477 0.154739 1.49656, -1.15725;
 0.67231 -0.487721 1.01567 -0.260295 1.57429 -0.853723 0.899327 -0.934277 1.66088 1.5268 0.769477 0.442999 1.4322, -1.05929;
 0.361257 -0.487721 1.01567 -0.260295 1.3461 0.637926 0.853355 -0.694301 1.66088 1.5268 0.769477 -3.84178 0.671024, -0.993991;
 1.73218 -0.487721 1.01567 -0.260295 0.965771 -2.83328 1.11504 -1.25661 1.66088 1.5268 0.769477 0.442999 3.54362, -0.950456;
 -0.317948 -0.487721 1.5681 -0.260295 0.593894 -0.840428 0.927618 -0.857175 -0.636879 0.172373 1.20186 0.442999 0.796954, -0.896037;
 0.481645 -0.487721 1.01567 -0.260295 1.3461 0.0423298 0.53862 -0.47655 1.66088 1.5268 0.769477 -0.904192 0.501718, -0.830735;
 -0.289399 -0.487721 1.2314 3.61372 2.68147 -1.67134 0.690683 -1.03237 -0.521991 -0.028721 -1.60865 -0.136329 -0.0733611, -0.7872;
 0.171854 -0.487721 1.01567 -0.260295 1.3461 0.037012 0.825064 -0.673165 1.66088 1.5268 0.769477 0.3154 0.647237, -0.70013;
 -0.393821 -0.487721 -0.615384 -0.260295 -0.89361 -0.317952 0.602275 0.900707 -0.751767 -1.03419 -0.225014 0.398053 0.861318, -0.645711;
 1.21461 -0.487721 1.01567 -0.260295 0.365698 0.515616 1.11504 -1.07156 1.66088 1.5268 0.769477 -3.46654 1.19993, -0.580409;
 0.00927489 -0.487721 1.01567 -0.260295 1.3461 0.142039 0.704829 -0.578909 1.66088 1.5268 0.769477 0.383899 0.280642, -0.52599;
 -0.415497 2.94584 -1.34418 -0.260295 -1.18942 -0.805862 -1.64684 3.221 -0.636879 -0.436824 1.54777 0.290658 -0.642844, -0.471571;
 -0.398236 0.45651 -0.768432 -0.260295 -1.03729 -0.882971 0.0612141 1.9743 -0.292215 -0.460482 0.293851 0.359049 0.813744, -0.43892;
 -0.400714 0.0487738 -0.475455 -0.260295 -0.251278 -0.352518 0.61642 1.32848 -0.521991 -0.572858 -1.39246 0.332903 0.62345, -0.395385;
 -0.400553 -0.487721 -0.615384 -0.260295 -0.89361 -0.780603 -1.22601 0.621587 -0.751767 -1.03419 -0.225014 0.442999 -0.340612, -0.35185;
 -0.416468 1.01446 -0.73928 -0.260295 -0.978972 -0.316623 -1.59733 1.35151 -0.981543 -0.61426 -0.657402 0.068629 -0.673626, -0.340966;
 -0.3868 -0.487721 -0.210171 -0.260295 0.264277 -1.1688 0.156695 -0.469204 -0.407103 -0.0996954 0.337089 0.442999 1.18874, -0.308315;
 -0.369797 -0.487721 -0.0789874 3.61372 -0.547089 -1.22996 1.11504 0.0408869 -0.636879 -0.773952 0.0776568 0.442999 1.46158, -0.275664;
 0.25692 -0.487721 1.01567 -0.260295 1.3461 0.324174 0.757874 -0.467783 1.66088 1.5268 0.769477 0.409721 -0.329418, -0.253896;
 -0.397626 0.45651 -0.768432 -0.260295 -1.03729 -0.0573793 0.379485 2.02197 -0.292215 -0.460482 0.293851 0.218701 -0.349007, -0.221245;
 0.00754211 -0.487721 1.01567 -0.260295 1.82785 -1.20603 0.980663 -0.798556 1.66088 1.5268 0.769477 0.268941 -0.343411, -0.188594;
 -0.40519 -0.487721 -0.163528 -0.260295 -0.0568886 -0.123852 0.14255 -0.501666 -0.407103 0.142801 -0.268253 0.404103 -0.0845549, -0.145059;
 -0.227719 -0.487721 1.2314 -0.260295 2.68147 -0.195643 1.01956 -1.02867 -0.521991 -0.028721 -1.60865 0.182615 0.203684, -0.112407;
 -0.373056 -0.487721 -0.718874 3.61372 -0.394958 -0.139805 0.807382 -0.351017 -0.177327 -0.596516 -0.441208 0.425063 1.23351, -0.0906399;
 -0.415926 -0.487721 -1.12554 -0.260295 -0.547089 0.180593 0.192059 -0.330119 -0.866655 -0.815354 -0.268253 0.406804 -0.621855, -0.0579886;
 -0.135444 -0.487721 1.2314 -0.260295 0.433312 0.176605 0.9453 -0.723255 -0.521991 -0.028721 -1.60865 -0.279378 -0.185299, -0.0253374;
 -0.415051 -0.487721 -1.12554 -0.260295 -0.547089 0.196547 -0.083776 -0.330024 -0.866655 -0.815354 -0.268253 0.392002 -0.536503, 0.00731388;
 -0.413274 1.22906 -1.44039 -0.260295 -1.05419 0.293597 -0.851162 2.37103 -0.981543 -0.430909 0.553283 0.442999 -0.932482, 0.0399651;
 -0.297853 -0.487721 -0.4361 -0.260295 -0.132954 -0.444251 -1.38515 0.336403 -0.636879 -0.596516 1.11539 0.334415 -0.848529, 0.0617326;
 -0.397764 -0.487721 -0.0469202 -0.260295 -1.18942 -0.0321196 -2.20205 0.710157 -0.636879 -0.608345 0.337089 0.229829 -0.714204, 0.0943839;
 -0.400998 -0.487721 -0.546877 -0.260295 -0.513282 0.208512 -0.571791 0.356211 -0.521991 -0.714807 0.510044 0.442999 -0.761777, 0.137919;
 -0.41125 2.08745 -1.37625 -0.260295 -1.20632 0.411918 -1.15175 3.28004 -0.636879 0.0185953 -0.0520595 0.16079 -1.00104, 0.17057;
 -0.393772 -0.487721 -0.0789874 -0.260295 -0.547089 0.0755662 -0.564719 0.268305 -0.636879 -0.773952 0.0776568 0.421066 -0.234271, 0.203221;
 -0.395588 0.45651 -0.768432 -0.260295 -1.03729 0.224465 -2.10656 1.70977 -0.292215 -0.460482 0.293851 0.228749 -1.2669, 0.246756;
 -0.380808 -0.487721 -0.546877 -0.260295 -0.513282 0.193888 -1.00323 0.441842 -0.521991 -0.714807 0.510044 0.442999 -0.912893, 0.268524;
 -0.413828 -0.487721 -0.968124 -0.260295 -0.885158 0.47972 -0.43741 0.307543 -0.751767 -0.951388 0.034418 0.393299 -0.855525, 0.442664;
 -0.416295 2.94584 -0.901074 -0.260295 -1.20632 0.47972 -1.59379 0.629312 -0.636879 -0.963218 0.337089 0.442999 -1.11158, 0.584153;
 -0.414332 -0.487721 -1.12554 -0.260295 -0.547089 1.07665 -0.189866 -0.177338 -0.866655 -0.815354 -0.268253 0.433923 -0.97166, 0.671223;
 -0.412772 -0.487721 -1.03226 -0.260295 -0.369603 0.785495 0.209741 -0.413902 -0.521991 -0.661576 -0.787118 0.38217 -0.800955, 0.801828;
 -0.416954 1.87286 -1.07161 -0.260295 -0.589347 0.804107 -1.42759 1.26844 -0.521991 -0.223901 -0.354731 0.346516 -1.12418, 0.943316;
 -0.408855 -0.487721 -1.26402 -0.260295 -0.555541 0.390647 0.959445 -0.446268 -0.751767 -1.27077 -0.268253 0.442999 -0.974459, 1.08481;
 -0.41177 0.928625 -1.30483 -0.260295 -0.690768 1.52999 0.121332 -0.326754 -0.292215 -1.09925 -0.00882071 0.442999 -0.86392, 1.18276;
 -0.418976 3.37504 -1.44476 -0.260295 -1.27394 1.30265 -1.64684 2.32578 -0.521991 -1.07559 -0.225014 0.432518 -1.09619, 1.40043;
 -0.376031 -0.487721 -0.718874 -0.260295 -0.420313 2.35425 0.637638 -0.271546 -0.177327 -0.596516 -0.441208 0.340141 -1.33126, 1.63988;
 -0.410974 -0.487721 -1.20134 -0.260295 -0.918965 2.06177 -1.11639 -0.139095 -0.866655 -0.779867 -0.181776 0.406588 -1.26969, 2.31467;
 -0.418755 3.37504 -1.44622 3.61372 -1.29084 2.19871 -1.54429 0.993399 -0.981543 -1.2412 -2.08428 0.428089 -1.32706, 2.98946;
 -0.418164 3.58964 -1.23195 -0.260295 -1.16322 2.34628 -1.29321 0.629928 -0.636879 -1.08742 -1.60865 0.374391 -1.36624, 2.98946;
