 2.49418 -0.487721 1.01567 -0.260295 1.17706 -0.375119 1.11504 -1.04251 1.66088 1.5268 0.769477 0.442999 1.9765, -1.84292;
 2.46574 -0.487721 1.01567 -0.260295 1.17706 -1.22331 0.973591 -0.988489 1.66088 1.5268 0.769477 0.442999 0.997042, -1.54906;
 1.25768 -0.487721 1.01567 -0.260295 1.57429 0.255043 0.878109 -0.846418 1.66088 1.5268 0.769477 -3.54822 0.756376, -1.40757;
 3.96231 -0.487721 1.01567 -0.260295 1.05874 -0.0892862 0.361803 -0.91262 1.66088 1.5268 0.769477 -3.6419 0.262452, -1.26608;
 -0.414985 -0.487721 0.116331 -0.260295 0.162856 -0.317952 0.436066 -0.608338 -0.981543 -0.797611 1.11539 0.442999 -0.66663, -1.15725;
 0.455319 -0.487721 1.01567 -0.260295 1.3461 0.196547 1.05493 -0.759981 1.66088 1.5268 0.769477 -0.558454 0.932678, -1.03753;
 -0.0340227 -0.487721 1.2314 3.61372 2.68147 -1.15152 1.11504 -1.16913 -0.521991 -0.028721 -1.60865 0.442999 1.98349, -0.993991;
 -0.143612 -0.487721 1.2314 -0.260295 2.68147 -0.185007 1.11504 -1.12293 -0.521991 -0.028721 -1.60865 -1.97706 2.12062, -0.950456;
 0.228982 -0.487721 1.01567 -0.260295 1.3461 0.221806 0.687147 -0.697997 1.66088 1.5268 0.769477 -2.76275 0.500319, -0.896037;
 0.311257 -0.487721 1.01567 -0.260295 1.57429 0.095508 0.987736 -0.81353 1.66088 1.5268 0.769477 -0.409354 0.719997, -0.830735;
 0.73933 -0.487721 1.01567 -0.260295 1.57429 0.28695 1.11504 -0.857886 1.66088 1.5268 0.769477 0.333119 0.868314, -0.776316;
 0.329409 -0.487721 1.01567 -0.260295 0.255825 0.207182 0.223886 -0.752683 1.66088 1.5268 0.769477 -2.78695 -0.0859541, -0.70013;
 0.146397 -0.487721 1.01567 -0.260295 0.509377 0.28562 0.888718 -0.702973 1.66088 1.5268 0.769477 0.435544 0.844527, -0.634827;
 0.441108 -0.487721 1.01567 -0.260295 0.365698 -0.867017 1.04078 -1.10606 1.66088 1.5268 0.769477 -0.445764 1.92472, -0.580409;
 0.624868 -0.487721 1.01567 3.61372 1.82785 -0.0759916 1.0231 -0.789741 1.66088 1.5268 0.769477 0.23588 0.693411, -0.515106;
 -0.346261 -0.487721 -0.4361 -0.260295 -0.132954 -0.230208 0.566911 0.319011 -0.636879 -0.596516 1.11539 0.260622 -0.333616, -0.471571;
 -0.39388 -0.487721 -0.37488 -0.260295 -0.285085 0.180593 0.598738 -0.508964 -0.521991 -0.141097 1.07215 -3.08029 -0.281845, -0.428036;
 -0.413034 -0.487721 -0.753856 -0.260295 -0.462572 -0.44691 -0.00951276 -0.203022 -0.521991 -0.762123 0.337089 0.442999 -0.414771, -0.395385;
 -0.395876 -0.487721 -0.37488 -0.260295 -0.285085 -0.175701 0.669465 -0.508964 -0.521991 -0.141097 1.07215 0.416744 0.111336, -0.35185;
 -0.416514 -0.487721 -0.866092 -0.260295 -0.327344 -0.531995 -0.783972 0.683524 -0.521991 -1.08742 0.769477 0.442999 -0.39798, -0.330082;
 -0.410176 0.41359 -0.8005 -0.260295 -0.969675 -0.407026 -0.80519 1.43397 -0.636879 -0.975047 -0.700641 0.428521 0.112735, -0.308315;
 -0.408687 -0.487721 0.247515 -0.260295 -0.986579 0.0130818 0.213277 0.12486 -0.521991 -0.0582937 0.120896 0.191906 -0.0943494, -0.275664;
 -0.412164 -0.487721 2.11616 -0.260295 0.23047 -0.352518 0.552766 -0.754105 -0.866655 -1.30035 0.293851 0.235232 0.227471, -0.243012;
 -0.40968 -0.487721 2.11616 -0.260295 0.23047 -0.409685 0.863964 -0.806469 -0.866655 -1.30035 0.293851 0.239769 0.739586, -0.221245;
 -0.410369 -0.487721 0.247515 -0.260295 -0.986579 -0.171712 -0.801654 0.143009 -0.521991 -0.0582937 0.120896 0.335604 -0.332217, -0.188594;
 -0.392675 -0.487721 -0.210171 -0.260295 0.264277 -0.332576 -0.112067 -0.653783 -0.407103 -0.0996954 0.337089 0.442999 0.0385765, -0.145059;
 -0.407621 -0.487721 0.402021 3.61372 -0.0315334 -0.422979 0.895791 -0.426223 -0.521991 -0.779867 -0.873596 0.442999 0.738186, -0.112407;
 -0.0925197 -0.487721 1.01567 -0.260295 -0.183665 -0.674246 -0.996152 0.146706 1.66088 1.5268 0.769477 0.399997 -0.311228, -0.0797561;
 -0.416386 0.971544 -0.734908 -0.260295 -1.02039 0.426542 -0.992616 0.807019 -0.292215 -0.466397 -1.00331 0.430574 -0.439957, -0.0579886;
 -0.395227 -0.487721 -0.0789874 3.61372 -0.547089 -0.614421 -0.518746 -0.0645054 -0.636879 -0.773952 0.0776568 0.378605 0.473734, -0.0144536;
 -0.159553 -0.487721 1.2314 -0.260295 0.433312 -0.551936 0.825064 -0.64767 -0.521991 -0.028721 -1.60865 0.423659 -0.140524, 0.0181976;
 -0.351836 -0.487721 1.5681 -0.260295 0.593894 0.136721 1.04078 -0.6925 -0.636879 0.172373 1.20186 0.322639 -0.213283, 0.0508489;
 1.15311 -0.487721 1.01567 -0.260295 0.653057 -3.19888 1.11504 -1.07957 1.66088 1.5268 0.769477 -2.42533 0.0959445, 0.0617326;
 -0.414705 0.41359 -0.8005 -0.260295 -0.969675 -0.360495 -1.66452 1.43397 -0.636879 -0.975047 -0.700641 0.442999 -0.589673, 0.0943839;
 -0.210999 -0.487721 1.2314 -0.260295 0.433312 -0.521359 0.379485 -0.645822 -0.521991 -0.028721 -1.60865 -1.38606 -0.0705627, 0.137919;
 -0.411313 -0.487721 0.247515 -0.260295 -0.986579 0.00510511 -2.20912 0.219305 -0.521991 -0.0582937 0.120896 0.421606 -0.820544, 0.17057;
 -0.387968 -0.487721 -0.210171 -0.260295 0.264277 -0.456216 -0.914817 -0.666768 -0.407103 -0.0996954 0.337089 0.442999 0.132324, 0.214105;
 -0.415362 2.51665 -1.29608 -0.260295 -1.29929 0.800119 -0.745072 1.91407 -0.521991 -0.294875 -1.56542 0.377741 -0.919889, 0.246756;
 -0.359921 -0.487721 -0.718874 3.61372 -0.394958 0.48105 0.284004 0.170258 -0.177327 -0.596516 -0.441208 0.351702 -0.43436, 0.279408;
 -0.37883 -0.487721 -0.718874 3.61372 -0.394958 0.906476 0.708365 -0.439302 -0.177327 -0.596516 -0.441208 0.386816 -0.410573, 0.453548;
 -0.415715 0.585268 -0.914193 -0.260295 -1.07955 0.608678 -1.23662 0.763896 -0.636879 -0.750294 0.250612 0.442999 -1.02903, 0.595036;
 -0.368377 -0.487721 -0.718874 3.61372 -0.394958 0.607348 -0.0696306 -0.0648371 -0.177327 -0.596516 -0.441208 0.0464802 -0.642844, 0.703874;
 -0.418513 3.37504 -1.32815 -0.260295 -1.21478 0.610007 -1.14468 3.95116 -0.521991 -1.30626 -0.614163 0.308593 -1.13957, 0.823595;
 -0.360939 -0.487721 -0.718874 -0.260295 -0.394958 1.44756 0.110723 0.170258 -0.177327 -0.596516 -0.441208 0.369205 -1.10738, 0.975968;
 -0.418988 1.01446 -1.40103 -0.260295 -0.94432 1.29202 -0.677882 1.53974 -0.981543 -0.732551 -1.26274 0.419661 -1.00104, 1.10657;
 -0.357648 0.37067 -1.04392 -0.260295 0.788284 1.2415 0.47143 -0.794528 -0.521991 -0.850841 -2.34371 0.398701 -0.427364, 1.22629;
 -0.343287 0.37067 -1.04392 -0.260295 0.788284 1.41433 1.11504 -0.897598 -0.521991 -0.850841 -2.34371 0.295952 -0.679223, 1.46574;
 -0.409908 -0.487721 -1.26402 -0.260295 -0.555541 1.17768 0.83921 -0.515645 -0.751767 -1.27077 -0.268253 0.412963 -1.09479, 1.67253;
 -0.418712 3.37504 -1.07599 -0.260295 -1.35 1.57519 -1.21187 1.20717 -0.751767 -0.969132 -1.08979 0.328905 -1.33406, 2.33644;
 0.541579 -0.487721 1.01567 3.61372 0.965771 -0.524018 0.747265 -1.26012 1.66088 1.5268 0.769477 -0.086629 -0.526708, 2.98946;
 0.653885 -0.487721 1.01567 -0.260295 0.653057 -0.0706738 1.11504 -1.2414 1.66088 1.5268 0.769477 0.110766 -0.435759, 2.98946;
