 0.733513 -0.487721 1.01567 -0.260295 1.17706 -0.554595 0.329976 -1.0844 1.66088 1.5268 0.769477 -0.191647 2.42425, -1.76674;
 1.4252 -0.487721 1.01567 -0.260295 1.05874 -0.496099 0.952373 -0.89049 1.66088 1.5268 0.769477 -3.76226 1.64348, -1.54906;
 0.926848 -0.487721 1.01567 -0.260295 1.23623 -1.63943 1.00895 -0.956644 1.66088 1.5268 0.769477 0.442999 1.82398, -1.39669;
 1.42684 -0.487721 1.01567 -0.260295 0.991126 0.366717 1.08322 -1.07549 1.66088 1.5268 0.769477 0.442999 1.18034, -1.26608;
 1.32781 -0.487721 1.01567 -0.260295 0.509377 -1.28314 1.01956 -0.79993 1.66088 1.5268 0.769477 -0.0693421 1.71624, -1.14636;
 0.593889 -0.487721 1.01567 -0.260295 1.17706 0.268337 1.07261 -0.977637 1.66088 1.5268 0.769477 0.389841 0.626249, -1.02664;
 0.399974 -0.487721 1.01567 -0.260295 0.509377 -0.220902 0.588129 -0.83732 1.66088 1.5268 0.769477 -3.81801 1.48957, -0.993991;
 0.872176 -0.487721 1.01567 -0.260295 0.965771 -1.81226 1.11504 -1.23899 1.66088 1.5268 0.769477 0.442999 3.09587, -0.950456;
 -0.390958 -0.487721 -0.615384 -0.260295 -0.89361 -1.15684 0.948836 0.98629 -0.751767 -1.03419 -0.225014 0.442999 2.54178, -0.885154;
 0.686624 -0.487721 1.01567 -0.260295 1.3461 0.610007 0.9064 -0.612555 1.66088 1.5268 0.769477 -3.77306 0.848725, -0.830735;
 -0.102343 -0.487721 1.2314 -0.260295 2.68147 -0.893606 0.934691 -1.07241 -0.521991 -0.028721 -1.60865 -0.0437359 1.23211, -0.776316;
 -0.113804 -0.487721 -0.179562 -0.260295 -0.0822438 -1.72319 -1.08456 -0.601514 -0.636879 -0.61426 -0.00882071 -0.0588619 -0.000601665, -0.70013;
 0.869767 -0.487721 1.01567 -0.260295 1.38836 0.18857 1.11504 -0.914516 1.66088 1.5268 0.769477 -0.401359 0.332413, -0.634827;
 -0.403002 -0.487721 2.11616 -0.260295 0.23047 -0.549278 1.00895 -0.873998 -0.866655 -1.30035 0.293851 0.155712 1.7862, -0.569525;
 -0.357135 -0.487721 1.5681 -0.260295 0.593894 -0.157088 1.04078 -1.00465 -0.636879 0.172373 1.20186 0.442999 0.813744, -0.515106;
 -0.38927 -0.487721 -0.210171 -0.260295 0.264277 -0.631704 0.0753595 -0.424612 -0.407103 -0.0996954 0.337089 0.442999 0.203684, -0.460687;
 -0.412072 2.08745 -1.37625 -0.260295 -1.20632 -0.512053 -1.76708 3.28004 -0.636879 0.0185953 -0.0520595 0.393623 -0.679223, -0.428036;
 0.0188023 -0.487721 1.01567 -0.260295 0.855898 -0.42165 0.573984 -0.434658 1.66088 1.5268 0.769477 -3.60743 0.630446, -0.384501;
 -0.403656 -0.487721 -0.163528 -0.260295 -0.0568886 -0.715459 -0.115603 -0.487876 -0.407103 0.142801 -0.268253 0.384655 0.135123, -0.35185;
 -0.400579 -0.487721 -0.37488 -0.260295 -0.285085 -0.575867 0.828601 -0.74766 -0.521991 -0.141097 1.07215 0.429709 0.841729, -0.330082;
 -0.391965 -0.487721 -0.179562 -0.260295 -0.0822438 -0.647657 0.114259 0.115145 -0.636879 -0.61426 -0.00882071 0.442999 0.461141, -0.297431;
 0.370968 -0.487721 1.01567 -0.260295 1.3461 -0.25015 0.563375 -0.507637 1.66088 1.5268 0.769477 0.442999 0.287638, -0.275664;
 -0.379841 -0.487721 -0.179562 -0.260295 -0.0822438 -0.395061 0.291076 -0.32519 -0.636879 -0.61426 -0.00882071 0.435868 -0.374193, -0.243012;
 -0.416655 -0.487721 -0.866092 -0.260295 -0.327344 -0.279398 -1.10224 0.485013 -0.521991 -1.08742 0.769477 0.434787 -0.578479, -0.210361;
 0.981578 -0.487721 1.01567 -0.260295 0.509377 -0.825804 0.676538 -0.870776 1.66088 1.5268 0.769477 -0.695236 0.203684, -0.188594;
 0.00701261 -0.487721 1.01567 -0.260295 0.247374 0.0569538 -0.585937 0.0961895 1.66088 1.5268 0.769477 0.353539 -0.288841, -0.145059;
 -0.417324 -0.487721 -0.592063 -0.260295 -0.716123 0.201864 0.368876 0.558418 -0.866655 -0.980961 -0.268253 0.442999 -0.490329, -0.101524;
 -0.400333 -0.487721 -0.210171 -0.260295 0.264277 -0.747366 -0.511673 -0.666768 -0.407103 -0.0996954 0.337089 0.442999 -0.0887525, -0.0797561;
 -0.419226 1.87286 -1.29463 -0.260295 -1.39226 0.244407 -1.29321 1.66741 -0.981543 -0.637918 -1.34922 0.419445 -0.617658, -0.0579886;
 -0.413213 -0.487721 0.116331 -0.260295 0.162856 0.430531 0.0223143 -0.620848 -0.981543 -0.797611 1.11539 0.389949 -0.41617, -0.0144536;
 0.184842 -0.487721 1.01567 3.61372 1.82785 -0.188995 0.528011 -0.505172 1.66088 1.5268 0.769477 0.427116 -0.162911, 0.0181976;
 -0.385186 -0.487721 -0.546877 -0.260295 -0.513282 0.0569538 -1.3993 0.771099 -0.521991 -0.714807 0.510044 0.442999 -0.908695, 0.0508489;
 0.195464 -0.487721 1.01567 -0.260295 1.23623 -0.290034 0.496184 -0.768132 1.66088 1.5268 0.769477 0.242903 0.855721, 0.0726164;
 -0.416331 2.94584 -1.13137 -0.260295 -1.3162 0.0277058 -1.79183 1.33768 -0.636879 -0.41908 -1.00331 0.442999 -1.11578, 0.105268;
 -0.377537 -0.487721 -0.179562 -0.260295 -0.0822438 0.395965 0.665929 -0.0883419 -0.636879 -0.61426 -0.00882071 0.429925 -0.47074, 0.137919;
 -0.416493 3.05314 -1.32669 -0.260295 -1.17252 -0.142464 -1.06334 1.17585 -0.866655 -0.35402 -1.60865 0.409181 -0.729595, 0.17057;
 -0.418755 2.94584 -1.32961 -0.260295 -1.00348 0.486368 -1.371 2.15869 -0.636879 -0.756209 -0.614163 0.378605 -0.931083, 0.214105;
 -0.415501 1.76556 -0.847143 -0.260295 -1.25703 0.393306 -1.61148 1.6721 -0.407103 -0.67932 -0.787118 0.170946 -0.438557, 0.246756;
 -0.401637 0.37067 -0.608096 -0.260295 -0.758382 -0.0387669 -1.84487 0.30342 -0.751767 -1.09334 0.0776568 0.442999 -0.84713, 0.290291;
 -0.272306 -0.487721 1.2314 3.61372 0.433312 -0.0254724 0.853355 -0.943186 -0.521991 -0.028721 -1.60865 -0.183436 -0.999645, 0.486199;
 -0.404149 -0.487721 -0.0789874 -0.260295 -0.547089 0.14071 -1.27906 0.0742485 -0.636879 -0.773952 0.0776568 0.323179 -0.456747, 0.60592;
 -0.41403 2.51665 -1.29608 -0.260295 -1.29929 1.02613 -2.06766 1.91407 -0.521991 -0.294875 -1.56542 0.169433 -1.10599, 0.703874;
 -0.344086 0.37067 -1.04392 -0.260295 0.788284 0.761565 1.11504 -0.84258 -0.521991 -0.850841 -2.34371 0.389301 -0.803754, 0.823595;
 -0.369091 -0.487721 -0.718874 -0.260295 -0.420313 0.376023 -1.66452 -0.196009 -0.177327 -0.596516 -0.441208 0.264079 -1.24311, 0.975968;
 -0.418433 3.58964 -1.40832 -0.260295 -1.27394 1.1511 -1.92975 1.83142 -0.751767 -0.0346355 -0.614163 0.306864 -1.14656, 1.12834;
 -0.416117 2.94584 -1.40103 -0.260295 -1.26549 1.33589 -1.06688 1.66821 -0.866655 -0.466397 -2.51667 0.392218 -0.842932, 1.31336;
 -0.414084 0.928625 -1.30483 -0.260295 -0.690768 1.28537 -0.967862 0.110548 -0.292215 -1.09925 -0.00882071 0.408209 -0.799556, 1.47662;
 -0.406441 -0.487721 -1.20134 -0.260295 -0.918965 2.39281 0.266322 -0.139095 -0.866655 -0.779867 -0.181776 0.442999 -1.18014, 1.7596;
 -0.383806 -0.487721 -0.718874 -0.260295 -0.420313 2.65471 0.347658 -0.423806 -0.177327 -0.596516 -0.441208 0.314967 -1.18994, 2.42351;
 -0.353199 0.37067 -1.04392 -0.260295 0.17976 2.69592 -0.0519489 -0.64786 -0.521991 -0.850841 -2.34371 0.309457 -0.728196, 2.98946;
 0.149517 -0.487721 1.01567 -0.260295 0.653057 -1.72717 1.11504 -1.16397 1.66088 1.5268 0.769477 0.212002 -1.31307, 2.98946;
