 -0.399163 -0.487721 2.4208 -0.260295 0.467119 -1.1369 1.05493 -0.963563 -0.636879 1.79296 0.726238 -0.12801 1.58471, -1.69055;
 1.17125 -0.487721 1.01567 -0.260295 1.57429 -0.444251 0.687147 -0.932665 1.66088 1.5268 0.769477 -3.10028 2.99093, -1.53818;
 1.24755 -0.487721 1.01567 -0.260295 1.23623 -1.84683 1.11504 -1.04218 1.66088 1.5268 0.769477 0.183911 2.5152, -1.34227;
 0.436828 -0.487721 1.01567 -0.260295 1.05874 -0.101251 0.340585 -0.878169 1.66088 1.5268 0.769477 -2.80013 1.24191, -1.2552;
 0.696176 -0.487721 1.01567 -0.260295 1.17706 0.179264 1.11504 -1.01872 1.66088 1.5268 0.769477 0.218377 1.0726, -1.13548;
 2.3315 -0.487721 1.01567 -0.260295 0.991126 0.147357 0.980663 -1.13857 1.66088 1.5268 0.769477 0.442999 1.54554, -1.02664;
 0.878263 -0.487721 1.01567 -0.260295 1.57429 0.478391 0.924082 -0.788557 1.66088 1.5268 0.769477 -2.65838 1.48677, -0.993991;
 1.3586 -0.487721 1.01567 -0.260295 0.991126 0.50498 0.878109 -1.15809 1.66088 1.5268 0.769477 0.0769483 1.48257, -0.939572;
 -0.230973 -0.487721 1.5681 -0.260295 0.593894 -1.66203 1.11504 -1.11331 -0.636879 0.172373 1.20186 0.442999 3.0455, -0.885154;
 5.5303 -0.487721 1.01567 -0.260295 0.365698 -0.680894 1.11504 -1.12582 1.66088 1.5268 0.769477 -3.81714 -0.354604, -0.819851;
 -0.306902 -0.487721 1.5681 -0.260295 0.593894 -0.680894 1.05846 -0.683686 -0.636879 0.172373 1.20186 -1.00629 0.652834, -0.754549;
 -0.390344 -0.487721 1.5681 -0.260295 0.593894 -0.765979 0.973591 -0.947972 -0.636879 0.172373 1.20186 0.391246 0.636043, -0.689246;
 0.0708686 -0.487721 1.01567 3.61372 1.82785 -0.619739 0.726047 -0.892812 1.66088 1.5268 0.769477 -0.0308787 0.279242, -0.623944;
 -0.404729 0.0487738 -0.737823 -0.260295 -1.22323 -0.897595 -1.11992 1.28389 -0.636879 -0.371764 0.207373 0.442999 0.0623632, -0.558641;
 -0.383464 -0.487721 -0.179562 -0.260295 -0.0822438 -0.472169 0.520939 0.0994593 -0.636879 -0.61426 -0.00882071 0.376012 0.795554, -0.515106;
 -0.400563 -0.487721 -0.163528 -0.260295 -0.0568886 -0.453557 0.697756 -0.628193 -0.407103 0.142801 -0.268253 -0.118718 0.435955, -0.460687;
 -0.394653 -0.487721 -0.163528 -0.260295 -0.0568886 -0.235526 0.952373 -0.58796 -0.407103 0.142801 -0.268253 0.442999 0.622051, -0.417152;
 -0.414105 -0.487721 -0.866092 -0.260295 -0.327344 -0.377778 -0.815799 0.485013 -0.521991 -1.08742 0.769477 0.442999 -0.406375, -0.384501;
 -0.412801 -0.487721 -1.15032 -0.260295 -0.792189 -0.533324 -1.50892 0.675705 -0.636879 0.130971 -0.657402 0.286768 -0.374193, -0.35185;
 0.353948 -0.487721 1.01567 -0.260295 1.3461 0.0636011 0.513866 -0.499628 1.66088 1.5268 0.769477 0.442999 0.188293, -0.330082;
 -0.415214 -0.487721 -1.15032 -0.260295 -0.792189 -0.166395 -1.2826 0.987996 -0.636879 0.130971 -0.657402 0.136912 -0.497325, -0.297431;
 -0.398582 -0.487721 -0.615384 -0.260295 -0.89361 -0.642339 -1.2437 0.621587 -0.751767 -1.03419 -0.225014 0.442999 0.210681, -0.275664;
 -0.40409 -0.487721 0.406394 -0.260295 -0.986579 -0.637022 -0.37022 1.19954 -0.636879 -0.702978 -1.04655 0.442999 0.447149, -0.243012;
 0.142238 -0.487721 1.01567 -0.260295 0.247374 -0.484134 -0.539964 -0.301591 1.66088 1.5268 0.769477 0.349217 -0.167109, -0.210361;
 -0.405588 0.0487738 -0.737823 -0.260295 -1.22323 -0.510723 -1.25431 1.28389 -0.636879 -0.371764 0.207373 0.442999 -0.539301, -0.17771;
 -0.406224 -0.487721 -0.615384 -0.260295 -0.89361 -0.266104 -1.00676 0.915634 -0.751767 -1.03419 -0.225014 0.361858 -0.432961, -0.145059;
 -0.389153 -0.487721 -0.179562 -0.260295 -0.0822438 -0.00420108 0.506793 -0.249226 -0.636879 -0.61426 -0.00882071 0.405075 -0.663832, -0.101524;
 -0.414894 2.94584 -1.09202 -0.260295 -1.36691 -0.214255 -1.28967 2.57395 -0.981543 -0.5492 -0.873596 0.399673 -0.849928, -0.0688724;
 -0.32852 -0.487721 -0.179562 -0.260295 -0.0822438 -0.195643 -0.55411 -0.544221 -0.636879 -0.61426 -0.00882071 0.442999 -0.932482, -0.0471049;
 -0.414464 -0.487721 -0.968124 -0.260295 -0.885158 -0.337894 -0.826408 0.302567 -0.751767 -0.951388 0.034418 0.433167 0.0301812, -0.00356987;
 -0.408767 -0.487721 -0.163528 -0.260295 -0.0568886 0.592724 0.464357 -0.526592 -0.407103 0.142801 -0.268253 0.428845 -0.347608, 0.0290814;
 -0.407206 -0.487721 0.402021 3.61372 -0.0315334 0.138051 0.846282 -0.201601 -0.521991 -0.779867 -0.873596 0.408857 -0.300035, 0.0508489;
 -0.00520535 -0.487721 1.01567 -0.260295 0.222018 0.223136 0.230959 -0.422811 1.66088 1.5268 0.769477 0.404859 0.240064, 0.0726164;
 -0.413915 -0.487721 -1.12554 -0.260295 -0.547089 0.980925 0.630565 -0.173926 -0.866655 -0.815354 -0.268253 0.442999 -0.999645, 0.116151;
 -0.415309 0.585268 -0.914193 -0.260295 -1.07955 0.465096 0.0682868 0.763896 -0.636879 -0.750294 0.250612 0.429277 -0.758979, 0.148803;
 -0.410231 -0.487721 -0.0469202 -0.260295 -1.18942 0.196547 -2.1879 0.710157 -0.636879 -0.608345 0.337089 0.300706 -0.82894, 0.181454;
 -0.401371 0.45651 -0.768432 -0.260295 -1.03729 0.217818 -0.684954 1.91345 -0.292215 -0.460482 0.293851 0.203251 -0.437158, 0.214105;
 -0.0802284 -0.487721 1.2314 -0.260295 0.433312 -0.223561 0.8675 -0.713351 -0.521991 -0.028721 -1.60865 -1.25047 -0.396581, 0.268524;
 -0.404035 -0.487721 -0.615384 -0.260295 -0.89361 -0.133158 -2.1879 0.915634 -0.751767 -1.03419 -0.225014 0.296816 -0.956269, 0.301175;
 -0.40368 0.0487738 -0.475455 -0.260295 -0.251278 -0.12917 0.977127 1.02444 -0.521991 -0.572858 -1.39246 0.442999 0.91029, 0.497083;
 -0.414762 0.928625 -1.30483 -0.260295 -0.690768 0.770871 0.0647504 -0.287185 -0.292215 -1.09925 -0.00882071 0.442999 -0.715603, 0.616804;
 -0.411218 1.22906 -0.688264 -0.260295 -0.902061 0.282961 -1.28613 0.166609 -0.636879 -0.909987 -0.354731 0.442999 -0.763176, 0.714758;
 -0.348968 -0.487721 -0.718874 -0.260295 -0.394958 0.463767 0.436066 -0.244819 -0.177327 -0.596516 -0.441208 0.442999 -0.705808, 0.823595;
 -0.372512 -0.487721 -0.718874 -0.260295 -0.420313 1.18832 0.404239 -0.271546 -0.177327 -0.596516 -0.441208 0.174835 -0.879312, 0.986851;
 -0.418231 0.263372 -1.42144 -0.260295 -1.16322 1.10988 -0.317175 2.57518 -0.751767 -1.13474 0.0776568 0.403455 -0.642844, 1.13922;
 -0.417326 -0.487721 -0.592063 -0.260295 -0.716123 1.21757 -0.260593 0.558418 -0.866655 -0.980961 -0.268253 0.399025 -1.20533, 1.32425;
 -0.412466 -0.487721 -1.30483 -0.260295 -0.809092 1.16705 -0.504601 1.07737 -0.751767 -1.09925 0.120896 0.442999 -1.02343, 1.4875;
 -0.412835 -0.487721 -1.26402 -0.260295 -0.555541 1.98865 0.524475 -0.4965 -0.751767 -1.27077 -0.268253 0.428521 -0.711405, 1.87932;
 -0.416338 0.37067 -1.13721 -0.260295 -0.936713 2.06177 -0.140357 0.429332 -0.521991 -1.13474 -1.52218 0.339385 -1.24311, 2.48881;
 -0.349335 0.37067 -1.04392 -0.260295 0.788284 3.23701 0.651783 -0.941954 -0.521991 -0.850841 -2.34371 0.365208 -1.05281, 2.98946;
 -0.250207 -0.487721 1.2314 -0.260295 0.433312 1.62172 0.789701 -0.86144 -0.521991 -0.028721 -1.60865 0.200226 -1.52715, 2.98946;
