 4.90309 -0.487721 1.01567 -0.260295 1.17706 -2.32676 1.11504 -1.00962 1.66088 1.5268 0.769477 -2.89154 3.4051, -1.69055;
 0.954126 -0.487721 1.01567 -0.260295 1.38836 0.737635 0.284004 -0.945271 1.66088 1.5268 0.769477 -3.32177 1.41261, -1.53818;
 1.00474 -0.487721 1.01567 -0.260295 0.255825 -0.574537 -0.310102 -0.848788 1.66088 1.5268 0.769477 -3.57891 0.42616, -1.34227;
 0.648615 -0.487721 1.01567 -0.260295 1.23623 -0.974703 1.11504 -1.04649 1.66088 1.5268 0.769477 0.442999 1.53294, -1.22255;
 0.509604 -0.487721 1.01567 -0.260295 1.23623 -0.995974 1.11504 -1.06891 1.66088 1.5268 0.769477 0.442999 1.66727, -1.11371;
 -0.135775 -0.487721 1.2314 -0.260295 2.68147 -1.32568 0.902864 -0.972567 -0.521991 -0.028721 -1.60865 -2.88765 0.489125, -1.02664;
 -0.232814 -0.487721 -0.4361 -0.260295 -0.132954 -0.230208 1.00542 -0.0137048 -0.636879 -0.596516 1.11539 -1.16241 1.0768, -0.983107;
 -0.322686 -0.487721 -0.4361 -0.260295 -0.132954 -0.890947 0.609347 0.315552 -0.636879 -0.596516 1.11539 -0.566989 0.540896, -0.939572;
 0.567749 -0.487721 1.01567 -0.260295 0.255825 0.104814 0.623493 -0.822676 1.66088 1.5268 0.769477 -2.94361 0.699008, -0.87427;
 -0.394331 0.0487738 -0.475455 -0.260295 -0.251278 0.143368 0.913473 1.21219 -0.521991 -0.572858 -1.39246 0.395676 1.09219, -0.819851;
 -0.333192 -0.487721 -0.4361 -0.260295 -0.132954 -0.458875 0.9064 0.289488 -0.636879 -0.596516 1.11539 0.415231 0.511513, -0.754549;
 -0.390994 -0.487721 -0.179562 -0.260295 -0.0822438 -0.750025 0.32644 0.074059 -0.636879 -0.61426 -0.00882071 0.437813 -0.160113, -0.689246;
 -0.39439 -0.487721 -0.210171 -0.260295 0.264277 -0.321941 0.397167 -0.61156 -0.407103 -0.0996954 0.337089 0.442999 0.235866, -0.623944;
 -0.382955 -0.487721 1.5681 -0.260295 0.593894 -0.434944 0.885182 -0.863336 -0.636879 0.172373 1.20186 0.241498 0.595466, -0.558641;
 0.53935 -0.487721 1.01567 -0.260295 1.3461 1.49409 1.09029 -0.633122 1.66088 1.5268 0.769477 0.215784 0.573078, -0.515106;
 -0.38212 -0.487721 1.5681 -0.260295 0.593894 -0.594479 0.952373 -0.624971 -0.636879 0.172373 1.20186 0.354295 0.333812, -0.449804;
 -0.403125 0.585268 -0.874837 -0.260295 -0.851351 -0.702165 -0.0802396 1.6286 -0.177327 -0.732551 0.553283 0.423659 0.0707585, -0.417152;
 -0.151227 -0.487721 1.2314 -0.260295 0.433312 -0.517371 1.01956 -0.663451 -0.521991 -0.028721 -1.60865 -0.0839279 -0.0859541, -0.373617;
 -0.376771 -0.487721 -0.0789874 3.61372 -0.547089 -1.15019 0.711901 -0.0586292 -0.636879 -0.773952 0.0776568 0.425063 1.58611, -0.35185;
 -0.405068 -0.487721 -0.37488 -0.260295 -0.285085 -0.555925 0.998345 -0.796992 -0.521991 -0.141097 1.07215 0.412206 0.5353, -0.330082;
 -0.405604 -0.487721 -0.37488 -0.260295 -0.285085 0.272326 1.01249 -0.642505 -0.521991 -0.141097 1.07215 0.425063 -0.0523728, -0.297431;
 1.10108 -0.487721 1.01567 -0.260295 0.222018 -0.73939 -0.416192 -0.45731 1.66088 1.5268 0.769477 0.442999 0.296033, -0.26478;
 -0.410742 -0.487721 0.247515 -0.260295 -0.986579 -0.525347 -1.127 0.338298 -0.521991 -0.0582937 0.120896 0.433923 -0.495925, -0.243012;
 -0.408098 2.94584 -1.34418 -0.260295 -1.18942 -0.442921 -1.73171 3.221 -0.636879 -0.436824 1.54777 0.217621 -0.98985, -0.210361;
 -0.416373 2.94584 -1.09202 -0.260295 -1.36691 -0.522688 -1.74586 2.57395 -0.981543 -0.5492 -0.873596 0.424415 -0.474937, -0.17771;
 -0.413931 -0.487721 0.247515 -0.260295 -0.986579 -0.0494025 -0.522282 0.580691 -0.521991 -0.0582937 0.120896 0.329553 -0.0425783, -0.145059;
 -0.407942 -0.487721 -0.37488 -0.260295 -0.285085 -0.0985924 -0.497528 -0.479061 -0.521991 -0.141097 1.07215 0.406156 0.0497702, -0.0906399;
 0.00972176 -0.487721 1.01567 -0.260295 1.38836 -1.73648 0.810919 -0.965032 1.66088 1.5268 0.769477 -0.430746 0.189692, -0.0688724;
 -0.41218 -0.487721 -0.968124 -0.260295 -0.885158 -0.196972 -0.412656 -0.0194862 -0.751767 -0.951388 0.034418 0.424091 -0.588274, -0.0362211;
 -0.412977 2.51665 -1.29608 -0.260295 -1.29929 0.100826 -1.71049 1.91407 -0.521991 -0.294875 -1.56542 0.133347 -1.0738, -0.00356987;
 -0.409837 -0.487721 -0.0469202 -0.260295 -1.18942 -0.271422 -2.14546 0.710157 -0.636879 -0.608345 0.337089 0.378281 -0.996846, 0.0290814;
 0.257253 -0.487721 1.01567 -0.260295 -0.183665 -0.036108 -0.133285 -0.172741 1.66088 1.5268 0.769477 0.442999 -0.266453, 0.0508489;
 -0.41233 -0.487721 -1.03226 -0.260295 -0.369603 -0.331247 -0.752145 -0.110804 -0.521991 -0.661576 -0.787118 0.403347 -0.354604, 0.0726164;
 -0.409821 -0.487721 -1.03226 -0.260295 -0.369603 0.195217 0.552766 -0.541377 -0.521991 -0.661576 -0.787118 0.427873 -0.504321, 0.116151;
 -0.417542 1.87286 -1.07161 -0.260295 -0.589347 0.567465 -0.426801 0.920942 -0.521991 -0.223901 -0.354731 0.442999 -0.764576, 0.148803;
 -0.35801 -0.487721 -0.718874 -0.260295 -0.420313 -0.383096 -0.0130491 -0.055549 -0.177327 -0.596516 -0.441208 0.242579 -0.139124, 0.192338;
 -0.414189 -0.487721 -1.03226 -0.260295 -0.369603 0.0609422 0.174377 -0.223305 -0.521991 -0.661576 -0.787118 0.428953 -0.889106, 0.224989;
 -0.414264 0.41359 -0.8005 -0.260295 -0.969675 0.321515 -1.67513 1.43397 -0.636879 -0.975047 -0.700641 0.442999 -1.03043, 0.268524;
 -0.398306 0.45651 -0.768432 -0.260295 -1.03729 0.596713 -1.80244 1.91345 -0.292215 -0.460482 0.293851 0.408857 -0.851327, 0.399129;
 -0.41425 -0.487721 0.406394 -0.260295 -0.986579 0.372035 -0.617764 1.02913 -0.636879 -0.702978 -1.04655 0.399241 -0.735192, 0.497083;
 -0.414126 0.928625 -1.30483 -0.260295 -0.690768 0.461108 -0.366683 -0.198426 -0.292215 -1.09925 -0.00882071 0.404751 -0.519712, 0.638571;
 -0.418827 2.08745 -1.19551 -0.260295 -1.29084 0.445155 -1.75647 1.15196 -0.981543 -0.844927 -1.21951 0.224751 -1.15636, 0.714758;
 -0.415072 2.94584 -1.40103 -0.260295 -1.26549 1.11387 -1.127 1.66821 -0.866655 -0.466397 -2.51667 -0.0171573 -0.564487, 0.845363;
 -0.418835 3.80424 -1.43018 -0.260295 -1.20632 0.726999 -0.98908 2.14959 -0.521991 -0.898158 -1.4357 0.399781 -1.21652, 0.986851;
 -0.413372 1.22906 -0.688264 3.61372 -0.902061 0.740294 -1.44527 0.508992 -0.636879 -0.909987 -0.354731 0.405724 -1.18714, 1.15011;
 -0.416593 2.73125 -1.19259 -0.260295 -1.06264 1.00353 -1.86256 0.764085 -0.751767 -0.921816 -0.0520595 0.429169 -1.49217, 1.34602;
 -0.412486 -0.487721 -1.26402 -0.260295 -0.555541 -0.166395 -0.221693 -0.564314 -0.751767 -1.27077 -0.268253 0.442999 -0.446953, 1.4875;
 -0.278111 -0.487721 1.2314 -0.260295 0.433312 0.89584 1.0231 -0.905796 -0.521991 -0.028721 -1.60865 0.0813781 -1.12697, 2.04258;
 -0.413369 0.37067 -1.13721 3.61372 -0.936713 1.82912 -0.663736 0.674426 -0.521991 -1.13474 -1.52218 0.228749 -1.34805, 2.55411;
 0.340431 -0.487721 1.01567 3.61372 0.653057 0.99289 1.02664 -1.22562 1.66088 1.5268 0.769477 0.390598 -1.35505, 2.98946;
