 -0.186571 -0.487721 1.2314 -0.260295 0.433312 2.20668 0.980663 -0.825899 -0.521991 -0.028721 -1.60865 0.144799 -1.2515, 2.98946;
 1.2362 -0.487721 1.01567 -0.260295 1.17706 0.0981669 1.11504 -1.04948 1.66088 1.5268 0.769477 0.442999 1.074, -1.66878;
 4.41236 -0.487721 1.01567 -0.260295 1.17706 -0.98135 0.598738 -1.0337 1.66088 1.5268 0.769477 -0.285645 2.06185, -1.52729;
 1.65869 -0.487721 1.01567 -0.260295 0.991126 -0.0613676 1.11504 -1.13857 1.66088 1.5268 0.769477 0.408857 1.27829, -1.34227;
 0.528137 -0.487721 1.01567 -0.260295 1.23623 -1.1688 1.07614 -0.9765 1.66088 1.5268 0.769477 0.442999 1.14816, -1.20078;
 0.262844 -0.487721 1.01567 -0.260295 1.17706 0.180593 0.973591 -1.00081 1.66088 1.5268 0.769477 0.442999 0.941073, -1.09194;
 -0.286473 -0.487721 -0.4361 -0.260295 -0.132954 -0.755343 0.938227 -0.000720307 -0.636879 -0.596516 1.11539 0.03103 0.798353, -1.02664;
 0.533821 -0.487721 1.01567 -0.260295 1.3461 -0.442921 0.418385 -0.478398 1.66088 1.5268 0.769477 -3.80742 0.601063, -0.983107;
 -0.386649 -0.487721 1.5681 -0.260295 0.593894 -0.126511 0.888718 -1.03157 -0.636879 0.172373 1.20186 0.347705 1.6113, -0.928689;
 -0.305476 -0.487721 -0.4361 -0.260295 -0.132954 -0.606444 1.11504 0.145237 -0.636879 -0.596516 1.11539 0.4175 1.01243, -0.87427;
 1.86146 -0.487721 1.01567 -0.260295 0.991126 1.38774 1.04078 -1.17165 1.66088 1.5268 0.769477 0.442999 0.111336, -0.819851;
 -0.00912361 -0.487721 1.2314 3.61372 2.68147 -0.155759 0.499721 -0.968254 -0.521991 -0.028721 -1.60865 -2.89435 0.332413, -0.754549;
 2.91425 -0.487721 1.01567 -0.260295 0.365698 -1.48123 1.11504 -1.04223 1.66088 1.5268 0.769477 -1.56585 1.04042, -0.678362;
 -0.255968 -0.487721 1.2314 3.61372 2.68147 -0.186336 0.973591 -0.966406 -0.521991 -0.028721 -1.60865 -0.376833 0.346405, -0.602176;
 -0.279991 -0.487721 1.2314 -0.260295 0.433312 -0.524018 0.924082 -0.645822 -0.521991 -0.028721 -1.60865 -0.687241 0.249859, -0.558641;
 -0.149239 -0.487721 1.2314 -0.260295 2.68147 -1.44001 0.895791 -1.07057 -0.521991 -0.028721 -1.60865 0.0117983 2.19337, -0.515106;
 -0.330547 -0.487721 -0.4361 -0.260295 -0.132954 0.300244 0.917009 0.315599 -0.636879 -0.596516 1.11539 0.346192 0.0217859, -0.449804;
 -0.413344 -0.487721 -0.866092 -0.260295 -0.327344 -0.400379 -0.352538 0.485013 -0.521991 -1.08742 0.769477 0.442999 -0.46934, -0.417152;
 1.39208 -0.487721 1.01567 -0.260295 0.222018 -0.456216 0.0895048 -0.417172 1.66088 1.5268 0.769477 0.138749 0.76757, -0.373617;
 -0.394927 -0.487721 -0.615384 -0.260295 -0.89361 -0.886959 -0.228766 1.08946 -0.751767 -1.03419 -0.225014 0.442999 0.497521, -0.340966;
 -0.281676 -0.487721 1.5681 -0.260295 0.593894 0.0755662 1.03371 -0.719227 -0.636879 0.172373 1.20186 0.442999 -0.053772, -0.319199;
 -0.0523455 -0.487721 1.01567 -0.260295 0.855898 -0.678235 -0.716781 -0.34225 1.66088 1.5268 0.769477 -0.232271 0.207882, -0.286547;
 -0.418215 2.94584 -1.36605 -0.260295 -1.42607 -0.0520615 -1.30735 2.51183 -0.981543 -0.986876 -0.0952982 -0.15448 0.0399757, -0.26478;
 -0.405306 -0.487721 -0.163528 -0.260295 -0.0568886 -0.528006 0.163768 -0.621369 -0.407103 0.142801 -0.268253 -0.186569 0.381385, -0.232129;
 -0.415505 0.714027 0.569645 -0.260295 -0.758382 -0.0268018 0.312294 -0.0823236 -0.636879 -0.815354 -0.0952982 0.442999 -0.287442, -0.210361;
 -0.36517 -0.487721 -0.179562 -0.260295 -0.0822438 -0.207608 -0.341929 0.101023 -0.636879 -0.61426 -0.00882071 0.43576 0.0119913, -0.166826;
 -0.409432 -0.487721 0.247515 -0.260295 -0.986579 0.022388 -0.829944 0.338298 -0.521991 -0.0582937 0.120896 0.295304 -0.518313, -0.123291;
 0.0274977 -0.487721 1.01567 3.61372 1.82785 0.167299 0.796773 -0.608243 1.66088 1.5268 0.769477 0.382927 0.0875492, -0.0906399;
 -0.0161909 -0.487721 1.01567 3.61372 1.38836 3.33805 0.51033 -0.892812 1.66088 1.5268 0.769477 -0.0145642 -1.02903, -0.0688724;
 -0.392453 -0.487721 -0.546877 -0.260295 -0.513282 -0.247491 -0.875917 0.771099 -0.521991 -0.714807 0.510044 0.442999 0.0203866, -0.0362211;
 -0.391177 -0.487721 -0.0789874 -0.260295 -0.547089 -0.646328 0.149623 0.268305 -0.636879 -0.773952 0.0776568 0.36229 0.757775, -0.00356987;
 -0.33187 0.37067 -1.04392 -0.260295 0.788284 -0.942796 -0.200475 -0.854048 -0.521991 -0.850841 -2.34371 0.394379 -0.307031, 0.0290814;
 -0.373718 -0.487721 -0.179562 -0.260295 -0.0822438 0.150016 -0.0448762 -0.121419 -0.636879 -0.61426 -0.00882071 0.424739 -0.319624, 0.0617326;
 -0.415997 1.76556 -0.847143 -0.260295 -1.25703 -0.07998 -1.31442 1.6721 -0.407103 -0.67932 -0.787118 0.442999 -0.770173, 0.0726164;
 0.243774 -0.487721 1.01567 -0.260295 -0.183665 0.639255 0.227422 -0.216576 1.66088 1.5268 0.769477 0.401618 -0.686219, 0.127035;
 -0.410884 -0.487721 0.406394 -0.260295 -0.986579 -0.188995 -1.77061 0.812232 -0.636879 -0.702978 -1.04655 0.442999 -0.568685, 0.148803;
 -0.380955 0.45651 -0.768432 -0.260295 -1.03729 -0.214255 -1.18711 2.02197 -0.292215 -0.460482 0.293851 0.370394 -0.48753, 0.192338;
 -0.398175 -0.487721 -0.546877 -0.260295 -0.513282 0.215159 -1.90146 0.771099 -0.521991 -0.714807 0.510044 0.408209 -1.05841, 0.224989;
 0.246448 -0.487721 1.01567 -0.260295 -0.183665 1.05272 0.301685 -0.179186 1.66088 1.5268 0.769477 0.425496 -0.788362, 0.268524;
 -0.410834 -0.487721 -1.26402 -0.260295 -0.555541 -0.8843 0.754337 -0.379498 -0.751767 -1.27077 -0.268253 0.379253 0.186894, 0.420896;
 -0.347937 -0.487721 -0.718874 3.61372 -0.394958 0.810755 0.32644 -0.244819 -0.177327 -0.596516 -0.441208 0.372662 -0.37979, 0.540618;
 -0.4063 -0.487721 -1.20134 -0.260295 -0.918965 0.473073 -0.377292 -0.139095 -0.866655 -0.779867 -0.181776 0.0224946 -0.838734, 0.638571;
 -0.412747 -0.487721 -1.03226 -0.260295 -0.369603 0.368046 -1.25077 -0.311069 -0.521991 -0.661576 -0.787118 0.378821 -1.02343, 0.747409;
 -0.412459 1.44366 -1.12117 -0.260295 -0.986579 0.624631 -1.33211 1.27527 -0.521991 -0.0582937 -1.39246 0.365316 -1.11298, 0.86713;
 -0.366626 -0.487721 -0.718874 -0.260295 -0.420313 1.51935 0.298149 -0.055549 -0.177327 -0.596516 -0.441208 0.218701 -1.03463, 0.997735;
 -0.408865 0.971544 -0.734908 -0.260295 -1.02039 0.947689 -1.79537 0.807019 -0.292215 -0.466397 -1.00331 0.373095 -1.08919, 1.15011;
 -0.416836 3.58964 -1.40832 -0.260295 -1.27394 0.938382 -1.88024 1.83142 -0.751767 -0.0346355 -0.614163 0.442999 -1.13117, 1.34602;
 -0.410419 1.44366 -1.12117 -0.260295 -0.986579 1.20826 -1.49124 1.27527 -0.521991 -0.0582937 -1.39246 0.373743 -1.36764, 1.50927;
 -0.353554 -0.487721 -0.718874 -0.260295 -0.394958 2.7491 0.170841 0.0235427 -0.177327 -0.596516 -0.441208 0.324259 -1.42361, 2.08611;
 -0.385801 -0.487721 -0.718874 -0.260295 -0.420313 1.88362 -1.82012 -0.196009 -0.177327 -0.596516 -0.441208 0.233503 -1.22072, 2.6303;
