 0.239328 -0.487721 1.01567 3.61372 0.653057 0.550182 1.00188 -1.1525 1.66088 1.5268 0.769477 0.209949 -1.24731, 2.98946;
 1.53593 -0.487721 1.01567 -0.260295 1.23623 -1.31903 1.04785 -1.11961 1.66088 1.5268 0.769477 0.442999 2.54178, -1.66878;
 0.472311 -0.487721 1.01567 -0.260295 1.17706 -0.694188 1.07614 -1.02138 1.66088 1.5268 0.769477 0.401942 1.01803, -1.52729;
 2.59827 -0.487721 1.01567 -0.260295 1.05874 -1.28314 0.729583 -1.0147 1.66088 1.5268 0.769477 -2.4692 1.95831, -1.3205;
 1.19864 -0.487721 1.01567 -0.260295 1.3461 -0.0813095 0.938227 -0.742353 1.66088 1.5268 0.769477 -2.758 0.353401, -1.17901;
 0.734479 -0.487721 1.01567 -0.260295 1.57429 -0.0241429 0.994809 -0.753821 1.66088 1.5268 0.769477 0.352458 0.531102, -1.08106;
 -0.258978 -0.487721 -0.4361 -0.260295 -0.132954 -0.424309 0.478503 0.0953839 -0.636879 -0.596516 1.11539 -1.33215 2.10802, -1.01576;
 -0.408197 -0.487721 2.4208 -0.260295 0.467119 -0.380437 1.07261 -0.910156 -0.636879 1.79296 0.726238 0.369637 0.759175, -0.972224;
 0.132544 -0.487721 1.01567 -0.260295 1.3461 0.340128 0.637638 -0.641131 1.66088 1.5268 0.769477 -3.29508 0.76757, -0.917805;
 -0.26285 -0.487721 -0.4361 -0.260295 -0.132954 -0.262115 1.11504 0.183053 -0.636879 -0.596516 1.11539 0.225076 0.0553671, -0.87427;
 0.389701 -0.487721 1.01567 -0.260295 1.23623 -0.73939 1.00895 -0.882481 1.66088 1.5268 0.769477 0.416312 0.62485, -0.808967;
 0.0563232 -0.487721 1.2314 -0.260295 2.68147 -1.06511 1.11504 -1.12639 -0.521991 -0.028721 -1.60865 0.442999 1.92752, -0.754549;
 0.139498 -0.487721 1.01567 -0.260295 1.3461 0.574112 0.76141 -0.564503 1.66088 1.5268 0.769477 -1.08765 0.528303, -0.667479;
 -0.3795 -0.487721 1.5681 -0.260295 0.593894 0.245736 1.05846 -0.918828 -0.636879 0.172373 1.20186 0.41253 0.272246, -0.591292;
 -0.399807 -0.487721 -0.210171 -0.260295 0.264277 -0.930831 0.177913 -0.658143 -0.407103 -0.0996954 0.337089 0.43079 0.343606, -0.547757;
 1.76858 -0.487721 1.01567 -0.260295 0.365698 -2.18185 1.11504 -1.05905 1.66088 1.5268 0.769477 -3.53418 3.0399, -0.504222;
 0.238908 -0.487721 1.01567 -0.260295 1.57429 -0.0666855 1.11504 -0.845376 1.66088 1.5268 0.769477 0.429925 0.55209, -0.449804;
 -0.40904 -0.487721 2.11616 -0.260295 0.23047 -0.5187 0.966518 -0.844665 -0.866655 -1.30035 0.293851 0.253707 0.690613, -0.406269;
 0.0941303 -0.487721 1.01567 -0.260295 0.255825 -0.353848 0.920545 -0.591609 1.66088 1.5268 0.769477 -0.265873 1.21392, -0.373617;
 -0.390048 -0.487721 -0.179562 -0.260295 -0.0822438 -0.327259 0.775555 -0.452429 -0.636879 -0.61426 -0.00882071 0.436516 -0.12933, -0.340966;
 0.0494583 -0.487721 1.01567 -0.260295 -0.183665 -0.0533909 0.786164 -0.326707 1.66088 1.5268 0.769477 0.426036 0.0315804, -0.319199;
 0.0855781 -0.487721 1.01567 -0.260295 0.222018 -0.135817 0.549229 -0.357936 1.66088 1.5268 0.769477 0.442999 0.510114, -0.286547;
 -0.407547 -0.487721 2.4208 -0.260295 0.467119 -0.380437 0.531548 -0.79557 -0.636879 1.79296 0.726238 0.442999 0.0987429, -0.26478;
 -0.405237 -0.487721 -0.37488 -0.260295 -0.285085 -0.188995 0.591666 -0.789647 -0.521991 -0.141097 1.07215 0.343491 0.202285, -0.232129;
 -0.143702 -0.487721 1.01567 -0.260295 0.247374 -0.529336 -0.939571 -0.0306699 1.66088 1.5268 0.769477 0.16025 0.0973437, -0.210361;
 -0.411176 -0.487721 -0.753856 -0.260295 -0.462572 -0.557254 -0.953716 0.068941 -0.521991 -0.762123 0.337089 0.442999 -0.5421, -0.166826;
 1.24755 -0.487721 1.01567 -0.260295 0.509377 -0.0533909 0.690683 -0.870776 1.66088 1.5268 0.769477 0.296276 0.0651617, -0.123291;
 -0.409588 0.0487738 -0.475455 -0.260295 -0.251278 -0.505406 -1.04212 0.787685 -0.521991 -0.572858 -1.39246 0.373851 0.428959, -0.0906399;
 -0.407318 0.799866 -0.903989 -0.260295 -1.06264 0.834685 -0.501064 1.20717 -0.407103 -0.637918 -0.787118 0.381954 -0.176903, -0.0579886;
 -0.414587 -0.487721 -0.866092 -0.260295 -0.327344 0.0622717 -1.07395 1.26513 -0.521991 -1.08742 0.769477 0.365316 -0.974459, -0.0362211;
 0.0753978 -0.487721 1.01567 -0.260295 1.82785 -0.208937 0.453748 -0.606395 1.66088 1.5268 0.769477 0.376444 0.00359599, 0.00731388;
 -0.363132 -0.487721 -0.179562 -0.260295 -0.0822438 0.486368 0.496184 -0.223305 -0.636879 -0.61426 -0.00882071 0.442999 -1.13397, 0.0290814;
 -0.418326 3.16044 -1.01768 -0.260295 -1.05419 0.328163 -1.44173 2.24934 -0.636879 -0.336277 -0.225014 0.394703 -0.879312, 0.0617326;
 -0.409735 0.799866 -0.903989 -0.260295 -1.06264 0.447814 -0.928962 1.13789 -0.407103 -0.637918 -0.787118 0.301246 -0.73799, 0.0835001;
 -0.405656 0.799866 -0.903989 -0.260295 -1.06264 0.16464 -2.14546 1.53861 -0.407103 -0.637918 -0.787118 0.203251 -1.04302, 0.127035;
 -0.413431 -0.487721 0.116331 -0.260295 0.162856 0.939712 0.796773 -0.768274 -0.981543 -0.797611 1.11539 0.442999 -0.980056, 0.148803;
 -0.264232 -0.487721 1.2314 -0.260295 0.433312 -0.270092 1.11504 -0.962662 -0.521991 -0.028721 -1.60865 -0.0216951 -0.869517, 0.192338;
 -0.41811 3.16044 -1.51472 -0.260295 -1.21478 0.151345 -1.15882 2.55846 -0.866655 -0.561029 -0.484447 0.442999 -0.961866, 0.235873;
 -0.417156 0.714027 0.569645 -0.260295 -0.758382 -0.0773211 -1.3993 -0.0582027 -0.636879 -0.815354 -0.0952982 0.43684 -0.9003, 0.268524;
 -0.409719 0.971544 -0.734908 -0.260295 -1.02039 0.300244 -1.77061 0.807019 -0.292215 -0.466397 -1.00331 0.299409 -0.556092, 0.420896;
 -0.403202 -0.487721 -0.37488 -0.260295 -0.285085 0.608678 0.404239 -0.479061 -0.521991 -0.141097 1.07215 0.419877 -0.45115, 0.540618;
 -0.416426 2.94584 -0.901074 -0.260295 -1.20632 0.786825 -1.43466 0.629312 -0.636879 -0.963218 0.337089 0.442999 -1.30328, 0.649455;
 -0.413465 -0.487721 -1.26402 -0.260295 -0.555541 -0.154429 0.0117053 -0.241218 -0.751767 -1.27077 -0.268253 0.337224 0.0707585, 0.769176;
 -0.329068 0.37067 -1.04392 -0.260295 0.788284 0.990231 0.570447 -0.784671 -0.521991 -0.850841 -2.34371 0.304379 0.300231, 0.888898;
 -0.411337 1.44366 -1.12117 -0.260295 -0.986579 0.681798 -0.967862 -5.68664e-05 -0.521991 -0.0582937 -1.39246 0.410262 -0.834537, 1.03039;
 -0.408319 1.22906 -0.688264 3.61372 -0.902061 1.32658 -0.688491 0.473166 -0.636879 -0.909987 -0.354731 0.360346 -0.922688, 1.16099;
 -0.410761 1.44366 -1.12117 -0.260295 -0.986579 1.21757 -1.04566 0.368674 -0.521991 -0.0582937 -1.39246 0.442999 -1.01504, 1.34602;
 -0.356489 0.37067 -1.04392 -0.260295 0.788284 1.24549 0.817991 -0.880775 -0.521991 -0.850841 -2.34371 0.345652 -0.635847, 1.52016;
 -0.417968 3.05314 -1.32669 -0.260295 -1.17252 1.78259 -1.86609 1.17585 -0.866655 -0.35402 -1.60865 0.426576 -1.33406, 2.15141;
 -0.381928 -0.487721 -0.718874 -0.260295 -0.394958 2.62945 0.0682868 -0.0648371 -0.177327 -0.596516 -0.441208 0.249061 -1.21652, 2.80444;
