 -0.359182 -0.487721 -0.718874 -0.260295 -0.420313 3.26493 0.513866 -0.423806 -0.177327 -0.596516 -0.441208 0.282014 -1.12138, 2.98946;
 1.68405 -0.487721 1.01567 -0.260295 1.05874 0.219147 1.11504 -0.925984 1.66088 1.5268 0.769477 -3.55082 2.29552, -1.66878;
 1.34571 -0.487721 1.01567 -0.260295 1.57429 -0.155759 1.11504 -0.88831 1.66088 1.5268 0.769477 -3.74454 1.93172, -1.50553;
 9.93389 -0.487721 1.01567 -0.260295 0.991126 0.929076 0.828601 -1.12416 1.66088 1.5268 0.769477 0.442999 0.638842, -1.3205;
 0.60266 -0.487721 1.01567 -0.260295 0.255825 -0.936149 0.0753595 -0.817558 1.66088 1.5268 0.769477 -3.8058 0.631846, -1.17901;
 -0.288907 -0.487721 -0.4361 -0.260295 -0.132954 -0.73939 0.9064 0.210538 -0.636879 -0.596516 1.11539 0.046156 1.39302, -1.07018;
 -0.391432 -0.487721 1.5681 -0.260295 0.593894 -0.547948 1.05139 -1.0047 -0.636879 0.172373 1.20186 0.39049 1.21392, -1.00487;
 -0.274828 -0.487721 -0.4361 -0.260295 -0.132954 -0.929502 1.04785 0.00435028 -0.636879 -0.596516 1.11539 0.223347 1.17194, -0.972224;
 0.665148 -0.487721 1.01567 -0.260295 1.3461 -0.111887 1.06907 -0.723682 1.66088 1.5268 0.769477 0.442999 0.76757, -0.917805;
 -0.144859 -0.487721 1.2314 -0.260295 2.68147 -1.78567 0.962982 -1.10317 -0.521991 -0.028721 -1.60865 0.386924 2.36268, -0.863386;
 -0.277076 -0.487721 -0.4361 -0.260295 -0.132954 -0.169053 0.821528 0.089176 -0.636879 -0.596516 1.11539 0.442999 0.850124, -0.798084;
 -0.169713 -0.487721 1.2314 -0.260295 2.68147 -0.852393 1.11504 -1.07673 -0.521991 -0.028721 -1.60865 -2.01639 0.560485, -0.754549;
 -0.417595 -0.487721 -1.3471 -0.260295 -0.301989 0.36007 -0.310102 1.17438 -0.981543 0.0836552 -1.08979 0.368017 -0.55889, -0.656595;
 -0.414656 1.01446 -0.73928 -0.260295 -0.978972 -0.748696 -1.41698 1.35151 -0.981543 -0.61426 -0.657402 0.411882 -0.0299853, -0.591292;
 -0.416879 -0.487721 -0.9827 -0.260295 -0.94432 -0.339224 -0.706172 2.00211 -0.751767 -0.330362 0.164134 0.321342 -0.295837, -0.547757;
 -0.382631 -0.487721 1.5681 -0.260295 0.593894 0.215159 1.07261 -0.936504 -0.636879 0.172373 1.20186 0.442999 0.384184, -0.493339;
 -0.387461 -0.487721 -0.546877 -0.260295 -0.513282 -0.746037 0.206204 0.441842 -0.521991 -0.714807 0.510044 0.380658 -0.126531, -0.43892;
 -0.406154 -0.487721 -0.163528 -0.260295 -0.0568886 -0.473499 0.863964 -0.680179 -0.407103 0.142801 -0.268253 0.42193 0.49892, -0.406269;
 0.241862 -0.487721 1.01567 -0.260295 0.247374 -0.206278 0.400703 -0.115069 1.66088 1.5268 0.769477 0.397404 0.326816, -0.373617;
 -0.170396 -0.487721 1.2314 -0.260295 2.68147 -0.744707 1.062 -1.02621 -0.521991 -0.028721 -1.60865 -1.01504 0.440153, -0.340966;
 -0.246371 -0.487721 1.2314 -0.260295 2.68147 -1.15019 1.11504 -1.04119 -0.521991 -0.028721 -1.60865 -0.15448 0.0889484, -0.319199;
 0.0260011 -0.487721 1.01567 -0.260295 1.82785 -0.0241429 0.80031 -0.707617 1.66088 1.5268 0.769477 -0.0567011 0.216277, -0.286547;
 -0.408152 0.799866 -0.903989 -0.260295 -1.06264 -0.231538 -0.119139 1.20717 -0.407103 -0.637918 -0.787118 0.418365 -0.0341829, -0.26478;
 -0.347215 -0.487721 -0.4361 -0.260295 -0.132954 -0.425638 -0.235839 0.435397 -0.636879 -0.596516 1.11539 0.442999 -0.61346, -0.232129;
 -0.415234 -0.487721 0.116331 -0.260295 0.162856 -0.198301 0.291076 -0.711408 -0.981543 -0.797611 1.11539 0.442999 -0.498724, -0.210361;
 -0.303844 -0.487721 -0.4361 -0.260295 -0.132954 0.538217 0.665929 0.213382 -0.636879 -0.596516 1.11539 0.262891 -0.0929502, -0.166826;
 0.49178 -0.487721 1.01567 -0.260295 0.855898 -0.07998 -0.10853 -0.391108 1.66088 1.5268 0.769477 0.442999 0.0805531, -0.123291;
 -0.402027 -0.487721 -0.0469202 -0.260295 -1.18942 -0.409685 -1.80244 0.710157 -0.636879 -0.608345 0.337089 0.227344 -0.386786, -0.0906399;
 -0.407749 -0.487721 0.116331 -0.260295 0.162856 0.697751 0.736656 -0.663356 -0.981543 -0.797611 1.11539 0.405724 -0.862521, -0.0579886;
 -0.408527 0.799866 -0.903989 -0.260295 -1.06264 0.118109 -0.550573 1.53861 -0.407103 -0.637918 -0.787118 0.182074 -0.199291, -0.0362211;
 -0.410672 -0.487721 -1.03226 -0.260295 -0.369603 -0.545289 0.00816895 -0.515029 -0.521991 -0.661576 -0.787118 0.403347 -0.420368, 0.00731388;
 -0.415611 0.714027 0.569645 -0.260295 -0.758382 0.229783 -0.525819 -0.0582027 -0.636879 -0.815354 -0.0952982 0.422578 -0.627452, 0.0399651;
 -0.40431 -0.487721 -1.03226 -0.260295 -0.369603 -0.926843 0.708365 -0.565167 -0.521991 -0.661576 -0.787118 0.442999 0.286238, 0.0617326;
 -0.254669 -0.487721 1.2314 -0.260295 2.68147 0.320186 1.11504 -0.958587 -0.521991 -0.028721 -1.60865 0.0908859 -0.735192, 0.0835001;
 -0.386806 -0.487721 -0.0789874 -0.260295 -0.547089 -1.13956 -2.07474 -0.0953554 -0.636879 -0.773952 0.0776568 -0.0752845 2.36548, 0.127035;
 -0.414615 -0.487721 -0.968124 -0.260295 -0.885158 0.159322 -0.723854 0.46947 -0.751767 -0.951388 0.034418 0.442999 -0.423166, 0.148803;
 -0.40469 -0.487721 -0.0789874 3.61372 -0.547089 -0.272751 -0.33132 0.213476 -0.636879 -0.773952 0.0776568 0.274667 0.282041, 0.203221;
 -0.400131 -0.487721 -0.753856 -0.260295 -0.462572 -0.403038 -1.35332 0.0277603 -0.521991 -0.762123 0.337089 0.405508 -0.351806, 0.235873;
 -0.397458 -0.487721 -0.0789874 -0.260295 -0.547089 -0.115875 -0.921889 0.0742485 -0.636879 -0.773952 0.0776568 0.407668 -0.444154, 0.268524;
 -0.407198 -0.487721 -0.37488 -0.260295 -0.285085 0.680468 0.100114 -0.441956 -0.521991 -0.141097 1.07215 0.428737 -0.696014, 0.43178;
 1.25972 -0.487721 1.01567 -0.260295 0.365698 0.774859 1.11504 -1.10094 1.66088 1.5268 0.769477 -1.90737 0.998441, 0.540618;
 -0.405453 -0.487721 0.406394 -0.260295 -0.986579 0.543534 -1.3215 1.02913 -0.636879 -0.702978 -1.04655 0.442999 -0.891905, 0.660339;
 -0.410935 0.45651 -0.768432 -0.260295 -1.03729 0.914452 -2.18083 2.42534 -0.292215 -0.460482 0.293851 0.326204 -1.27529, 0.769176;
 -0.417286 2.73125 -1.19259 -0.260295 -1.06264 0.43319 -1.65038 0.764085 -0.751767 -0.921816 -0.0520595 0.429277 -1.16475, 0.899781;
 -0.409325 1.22906 -0.688264 -0.260295 -0.902061 0.777518 -0.907744 0.226793 -0.636879 -0.909987 -0.354731 0.442999 -1.35225, 1.03039;
 -0.412519 -0.487721 -1.20134 -0.260295 -0.918965 1.52467 -0.211084 -0.139095 -0.866655 -0.779867 -0.181776 0.442999 -0.903098, 1.16099;
 -0.396019 0.37067 -1.13721 -0.260295 -0.936713 0.721681 -1.2826 0.147843 -0.521991 -1.13474 -1.52218 0.442999 -1.09059, 1.36778;
 -0.409949 1.44366 -1.12117 -0.260295 -0.986579 0.906476 -1.66098 1.27527 -0.521991 -0.0582937 -1.39246 0.23534 -1.05561, 1.57457;
 -0.377567 0.45651 -0.768432 -0.260295 -1.03729 2.6454 -2.12425 2.42534 -0.292215 -0.460482 0.293851 0.442999 -1.27389, 2.20583;
 -0.416417 3.58964 -1.23195 -0.260295 -1.16322 2.10564 -1.24723 0.629928 -0.636879 -1.08742 -1.60865 0.398485 -1.23611, 2.82621;
